10000
9487
7352
3767
1099
2653
4873
2832
3438
3068
1423
3359
3412
5181
7510
6908
9287
1098
913
782
8165
8031
1176
1672
815
5051
8244
6832
4051
3764
3643
192
6533
4378
1786
8070
6658
7008
9127
8295
2340
768
8446
9259
2455
3312
8575
12
3671
7147
2639
9305
964
5489
6358
6085
7323
5982
2251
3330
77
3098
1589
9377
7618
5537
2445
9033
552
7886
8164
190
2421
9644
1937
1266
6288
6008
2648
8139
4997
9742
5979
9316
2604
819
2169
6292
5562
6342
6323
1510
23
2975
8044
1529
9907
6907
3323
258
5534
5633
8726
1056
6805
8723
4222
6063
2529
3291
5062
2460
1685
5658
7655
2995
3677
3075
419
3847
5945
7933
9564
1179
3561
4442
1393
2302
998
7881
7924
1613
5316
9242
185
1522
1922
2855
778
9870
2406
7691
6463
828
1355
6051
5697
4223
3812
7310
4799
2002
8140
5848
164
2893
2518
2954
5479
2927
3169
3200
3367
8673
2185
8930
1219
5941
3740
2994
3166
8417
4451
7267
6315
2574
6996
1501
4540
6971
2250
9074
8993
4322
1426
1420
518
7910
-174
2098
6645
7190
9538
5056
9627
2442
2850
6608
5796
2771
8779
5545
7168
6598
1283
7325
3238
216
3101
4164
1329
2012
4598
5873
6907
831
7451
5816
2742
537
7928
8350
8595
679
7206
9812
9916
3967
4091
5356
5918
1321
3118
4388
5939
7526
887
4817
2792
1800
9912
7144
3325
5642
1162
7235
2213
3382
333
9102
336
127
1853
-123
385
6946
-245
1480
5064
3651
3395
355
408
8536
2321
2704
4009
3134
6460
6579
5366
3336
8300
6781
7756
7340
964
977
9180
3854
780
467
4263
4951
926
6425
6703
350
1126
3123
275
6596
1106
3294
3582
6487
2522
9748
1261
6930
7994
9081
4587
5837
9985
4717
2975
2877
1877
4462
1401
3442
4285
9819
4059
4605
6478
5494
2245
7393
2000
9748
2745
1379
5243
1496
9610
9059
4406
7040
332
4986
2919
5381
113
3984
213
-19
2479
7143
7010
6671
7761
6952
1650
9230
9274
8402
8982
4001
4106
5718
2913
6222
1088
1879
7290
351
4018
9491
8680
94
1913
2471
2585
3035
7602
6501
2470
8361
9975
4911
4731
2907
216
9311
8689
80
9532
3449
8634
9239
4126
-204
6795
4417
2054
3469
2773
5215
2342
9614
8523
5848
8383
6246
8806
3444
5897
2475
2658
8321
5207
4909
3207
6976
-176
1948
3947
6540
945
9576
986
8822
1269
34
7313
2015
5743
3607
8352
2199
7866
3904
496
2689
539
383
2853
145
1441
4331
8451
3277
5944
6845
1193
2302
6935
371
7201
1554
8491
4405
9378
2909
5158
-45
7907
5611
4121
5899
7678
7136
8868
2115
9081
2841
-448
6587
6084
2015
8084
5611
2023
319
7168
914
7665
9911
9603
6860
20
2244
7111
6355
3103
390
6926
7537
4875
2213
66
7569
6019
1455
7491
9413
238
9504
9597
2598
9726
260
179
7039
803
5042
8518
8754
8434
5280
1342
2784
3705
1521
5280
5952
-499
4305
3965
9323
6424
346
1372
8182
131
2666
7462
4346
7737
5710
1829
1642
8786
6171
9380
8215
3982
966
702
8986
566
8270
6743
5767
4931
9133
6015
9606
8052
7645
7107
5871
1907
3419
1700
6327
4141
6001
3642
8303
9504
1024
2807
8943
4135
2511
-419
8533
1183
667
527
4871
6524
5377
-74
8213
1000
6950
3561
9912
4810
4940
5595
9683
281
-516
7297
965
8990
7352
5779
6925
9520
3094
8943
6831
9616
6139
382
7491
6962
6325
6771
7047
9205
6303
9879
1364
298
533
3129
1767
5729
-68
4602
6417
3385
2582
7516
9196
9008
7791
5701
6253
9890
4168
6201
1251
671
-312
-423
8867
619
5207
5945
1898
4364
1393
970
5356
2710
2921
1466
8940
5874
6509
8166
5721
4305
5665
5312
4375
6351
1805
2407
9338
9051
3572
9121
5651
1291
2540
7331
6575
8123
1111
8420
8300
6597
1635
3712
7642
3288
6336
9601
2900
1963
8596
960
7506
9268
6474
1100
9669
7879
7770
3844
8444
2805
6480
3156
611
6072
3067
2494
2572
549
4219
9980
9619
7963
3667
9263
1956
1872
6550
4700
7096
7195
7687
3029
8475
6611
7822
2181
9091
8251
9495
9430
3874
8144
7981
1541
4905
4587
5986
7450
2672
4701
4766
213
2416
8942
4503
865
8386
4842
4272
1023
1370
25
3878
5877
8614
5558
2605
-165
4483
5189
2022
270
6342
4639
5623
713
7185
6430
8707
6436
5331
5125
5675
7697
4153
5540
6681
9695
146
2579
1429
2072
6013
4928
8625
2648
2669
9669
2651
4100
8420
4198
2431
1373
8998
8180
4593
1099
3117
5161
6846
7535
2001
6992
7967
7640
8753
1050
7802
2051
391
1309
5798
7274
3442
4854
4870
672
8576
7113
-30
4808
6528
5595
1660
4252
2172
1177
4706
8509
8083
8548
6377
1550
4792
2104
4550
1683
922
9430
8178
1749
1498
8662
4769
8098
884
3286
9097
7134
9496
794
889
4395
3560
5727
4901
-31
2857
6010
2812
1459
7531
965
1284
6166
8340
2472
7308
7095
4310
8431
2269
9640
3988
5612
4681
7473
2193
1943
4454
6655
2599
3669
8480
2398
1097
1844
2581
3337
3862
-524
289
212
9906
-776
4745
4005
3851
5209
7766
3436
3647
9534
-574
6152
3173
7730
5073
6250
-813
8553
1715
7251
7313
8106
4798
1884
2463
7757
6617
1780
6128
8204
2423
6009
6798
8131
7783
4111
7326
9316
7252
360
8689
8049
94
922
9051
2731
152
3255
1519
4560
3065
7908
9023
9418
-909
5686
6993
4638
1679
9008
1401
7305
958
6916
8232
9442
-570
5666
1283
7205
1111
6044
9172
7623
992
-281
4988
6096
6307
4791
2784
1534
6026
3195
7595
18
5899
7389
4865
8963
4752
7592
2021
8524
913
3370
5640
3266
2546
4919
1605
3802
3359
8634
6958
5178
4674
4397
3328
-187
6372
4904
2975
5337
4477
3850
1642
823
557
4813
5022
7246
8993
6259
6771
2233
2419
4086
1158
4747
8761
7780
3264
2646
1119
1681
1941
918
1384
9727
6053
8258
6350
1651
5330
2456
9936
9631
7967
2929
7065
9419
4242
2151
7934
4054
4164
8669
2079
3865
1205
8274
5468
3320
2121
5748
807
517
8435
7586
7531
2748
7353
9813
815
1858
3686
4363
8917
5525
6800
221
2934
2535
9307
5610
292
1983
6733
2094
6779
-175
9299
1154
6080
1559
9655
3914
538
4806
3487
-593
1518
1608
6098
6978
2525
483
1488
9786
7829
5237
254
5601
2111
-604
3614
2365
7858
9976
4406
7047
554
6471
2347
7292
3604
5642
6602
-106
1337
540
-702
2423
913
3292
6525
1841
7103
6782
2690
4163
2826
7949
-490
8733
2861
4543
6841
8111
493
1987
2222
2541
1331
9764
4905
6717
2672
9081
6164
8352
-16
1156
1674
1709
1600
262
5176
5566
4510
5240
5361
1452
8763
7198
8883
913
9510
8157
2244
4598
8463
5041
1234
865
3193
5143
1836
4606
5574
8647
8650
3297
2772
477
6276
762
4671
914
1492
-772
4487
2085
9835
4087
-888
6437
2920
9431
9657
8451
1335
5572
2130
5804
836
6518
6996
7953
6622
2391
9638
9504
771
2886
66
4544
8817
5706
5443
9810
1645
3903
9892
2048
800
2834
939
5435
8908
1571
5804
7681
572
2308
4728
4173
5920
9838
4407
5311
4106
-52
5535
8231
771
7130
237
4880
6433
2360
7038
5880
3580
1555
2468
5043
5946
5288
4846
4146
5573
9643
9356
1542
2744
329
162
8056
1183
183
8324
3614
3340
9397
5200
3338
2904
47
9805
7984
6540
-670
3314
798
482
9260
-741
6756
8617
7475
621
9796
7281
4323
2702
4227
6677
4455
9192
2360
3981
9006
1830
6091
32
-1119
917
5945
832
6769
3139
1586
9725
6673
3542
8387
6406
4767
5154
7441
2366
5209
2684
470
8925
8813
-155
7884
8621
7574
932
2
934
3384
8075
2052
3217
863
900
1412
4585
58
3214
3009
7035
1426
9753
3709
3810
8034
4104
1436
9096
6632
8852
4224
2465
4688
965
1659
4259
939
783
7028
3440
4708
1117
1260
4334
194
8490
6289
3939
1139
7046
8723
7583
9551
9641
1082
7270
3174
896
4383
9493
6293
690
8679
9202
5838
4278
7946
8507
8560
3837
6229
1252
5958
4655
4018
7384
9889
5423
6732
4716
8202
1893
9469
2074
39
434
1603
2267
7653
3891
9713
9636
6412
5310
9436
5215
4999
6796
7275
2385
8203
8465
5888
7853
8770
-1044
9085
7704
1751
8334
8196
3558
3792
5852
8011
285
194
9389
9643
5862
477
5519
839
2312
5226
2145
4786
7512
4857
6312
7647
4727
1164
6109
6173
2378
-586
3740
814
1502
4755
3586
7166
5037
7203
2122
9595
4451
-1442
4312
4720
192
7082
7636
8691
9272
872
3325
7554
-628
1868
5147
2103
7712
8593
4964
4114
409
8586
4764
8104
9343
225
-454
7376
-969
551
2054
4766
1118
9489
9283
3500
8343
8938
8884
2813
3376
8126
4844
7529
6758
5902
6165
7107
5680
8396
4107
8209
8771
588
2062
9277
3088
9724
8701
1711
1157
9255
9847
6052
4094
6622
4455
1978
6630
3224
9240
8683
3605
59
4315
1723
1349
7139
1711
6766
5470
6014
-122
8795
6314
-13
9814
8977
-729
2096
7411
908
475
6509
703
395
5714
8757
8191
3517
6145
1585
8783
623
3188
9823
3116
5150
3695
3123
118
6922
3732
5308
8989
6770
6715
8245
560
3640
4443
3754
3297
6064
354
-571
450
-125
-1074
541
8673
4238
9731
3680
1951
3934
5597
187
588
3280
7742
8646
-1580
-831
105
8267
7611
1436
2419
6064
7394
1883
3051
4699
4801
807
530
8969
1066
2713
339
1989
6109
1786
2192
6010
5468
693
9548
6161
5545
1351
7924
3719
9595
784
1730
6555
5949
7478
9534
1977
408
7404
7740
4123
5778
1670
9738
710
-705
8403
525
7435
1929
547
9737
5000
3059
2588
3948
8081
5769
9018
6533
5762
1431
873
2672
8286
8262
5869
4824
642
9406
522
6755
3672
8072
4513
25
1495
4396
8254
8983
4745
1957
1680
8613
907
8404
3094
1326
9326
-329
3994
800
4782
153
2971
8578
3616
2835
668
5969
8006
8765
7644
5907
4749
5506
9131
7274
5588
3064
8008
8654
616
889
481
1122
5140
4918
9411
3182
2060
2921
5025
2895
677
7757
6552
3034
2047
386
4334
9360
813
1155
5904
4130
3765
674
9441
6467
6696
5313
9031
5487
8244
8248
2606
3189
9487
4296
6148
5821
5711
9999
838
2188
6157
8836
5288
5415
2739
-1753
1473
6130
2629
3525
89
5538
9231
2689
8252
4197
5186
3915
8357
5065
262
2616
-221
449
762
9611
5195
9009
8708
4609
-921
-363
6634
9765
8165
826
5781
6889
9447
2353
8664
1445
3623
9004
9178
5283
2673
929
4340
896
-111
3672
8952
6966
183
4696
9013
5138
5861
3629
3287
3409
4304
2808
105
8755
-1081
5145
2620
2849
4185
7081
9053
362
9169
6087
1176
2470
6375
2546
1833
5861
2009
1467
9271
6008
4534
9409
3836
4434
985
1053
5329
2083
7773
8795
9911
-179
474
1352
5319
6638
3354
1353
5130
1503
3800
4310
9213
8555
5324
5759
18
2453
3174
7916
3521
313
8244
6551
711
4177
1041
2940
3968
6653
4329
6535
7590
5427
9309
5317
8135
3943
5672
-619
3799
63
2342
7352
4162
9704
4097
9855
8042
9019
9587
8133
120
1735
9364
1773
7137
7814
4892
7135
7775
257
2584
176
1622
5763
587
2795
9536
-324
4281
8287
6555
6352
37
2149
1487
1478
4660
-1818
9749
2275
6535
8791
6115
2321
4507
6895
5511
9843
7918
9401
1530
5917
7228
7993
226
2056
-540
9068
8278
795
-97
349
-96
1543
4443
2027
1422
2578
4553
8732
9167
6355
7396
8191
3441
4939
1437
4843
8384
9499
319
7339
7941
5128
6245
5097
1385
5358
4294
1416
1184
986
1573
244
-220
5285
5474
7237
1560
6034
3186
-1128
-1046
8707
4464
9896
6568
2668
8195
8289
2990
7243
5024
2996
1765
3989
8447
1388
4661
4027
8303
1053
7207
1451
3650
9318
5297
8129
1394
8647
583
4049
1072
4945
6884
7322
840
7278
7355
79
2711
921
955
7777
9600
7969
143
7597
1286
1594
3486
3571
8549
-1648
5132
-1615
8527
2605
6242
9034
8189
7237
8407
80
7105
4421
6008
3977
-1013
4978
9840
618
7747
3835
9291
97
-1629
9531
2781
1650
5789
2891
7704
6505
6321
4451
-84
1037
1105
842
389
9095
-1541
9688
-2036
9411
9117
6635
1704
20
-897
4066
370
8801
1462
9637
299
5569
4401
-2082
9168
3957
4525
4012
527
2493
5918
9252
6452
4242
6047
6616
7212
4724
8488
9916
9051
5365
2825
9682
4437
9218
9058
5070
5773
4105
304
1626
-1917
4574
2484
5889
6587
8037
6064
9121
1270
7138
6106
3438
902
9041
8361
2480
6621
2692
3289
-2132
-235
6922
6778
-375
5174
6517
1766
2369
2670
6238
6349
7756
798
8171
4278
6864
395
3836
2303
2767
8374
5737
8926
936
3656
7862
-402
6707
631
6128
8939
2714
1078
4914
-66
5630
4270
1234
9938
8226
1037
584
8356
7713
7654
1525
5230
9584
3493
6553
9242
2194
5332
2766
1006
3167
3714
8066
7929
3090
5014
8110
1552
1101
-896
8399
5825
3744
927
3914
-2126
9671
4827
3769
4650
6777
3912
4795
3194
7024
6948
2143
3287
127
1926
6733
2579
7007
2428
4642
2188
8573
531
-2077
5279
9142
3974
7684
1274
2769
1848
6136
3605
9381
2043
2135
9747
-635
7560
-52
2809
7076
640
1246
1813
8664
1687
5365
3498
5908
6464
1340
4842
4016
8870
8576
7258
422
8724
8752
9857
537
-529
3337
7758
-2031
3549
2834
2466
69
2799
2621
9667
7710
8989
6555
9940
9811
1328
5981
648
4641
2285
1611
7137
9192
656
100
2420
-753
4948
854
6612
6298
3043
-40
5685
2696
7848
3363
9792
3306
1571
9538
8637
518
-1633
891
9929
1081
9572
-1452
9107
5879
6589
-2193
1397
9256
335
-340
9504
5576
30
9733
8057
3206
-526
7106
6037
2454
8661
9601
6267
9414
4072
4467
-1069
8586
768
1396
7232
172
9882
6917
1278
3660
4050
8132
808
5014
5238
9112
1301
5267
285
408
-1382
2844
7336
151
5970
820
4792
453
799
6418
-971
6366
7512
4697
2177
7778
-426
1338
3301
496
8953
2584
7840
4183
4858
9791
9201
-1946
3849
907
8921
1794
1814
6622
2479
3270
9898
7750
5615
4516
9306
8708
7567
-781
8197
7882
5437
7222
6689
1523
7679
9024
4023
878
5996
183
2327
1199
6698
1868
2050
-1713
8145
5023
9321
4777
5039
6369
2147
1193
6864
4981
8225
5611
211
3701
9550
7386
7376
2206
6495
151
5831
-1171
9730
-1287
2196
-663
8145
5269
6804
9883
3384
103
2237
-157
8868
7160
5594
2686
8423
5788
1464
4215
9089
9971
9139
5991
-2108
9200
2773
-1573
3071
5101
7826
6971
6415
-228
-551
5407
8226
4322
4371
-1686
1441
7454
2369
4550
4801
8743
7657
9167
8131
8832
2749
892
796
7679
936
6543
6804
9678
9520
6405
6161
8394
2255
3796
2824
7994
8357
7038
821
5516
-481
6060
7881
8655
2561
7843
1051
3787
357
2903
9148
6389
575
7516
2028
7400
9705
2035
8799
9902
1825
7380
9231
5270
6134
7771
5994
3923
6648
5317
9616
3929
6698
2566
4743
80
1681
1391
8848
2494
7714
9092
2993
105
6533
133
194
1395
7697
9435
9646
4583
364
3594
783
6129
6891
3768
8068
3487
1017
6972
2210
5783
9315
5928
7861
3867
9635
3389
6026
5852
851
3319
9388
2815
9206
4126
724
7257
8328
5081
48
7846
6161
807
2427
2525
587
4997
4492
4688
-1295
1792
-1842
2076
2037
2442
7864
-482
4657
689
2978
3656
1136
8342
3630
5130
5796
2253
6818
5017
5253
6507
-653
2895
7875
768
7650
2258
4754
2946
2435
726
5449
1818
5148
5356
5734
1880
9289
7449
2008
1500
5406
1961
5211
425
1486
2928
1867
2051
1254
7523
0
8089
8265
6218
632
4580
8810
6154
9468
3627
703
4403
7926
5635
-158
884
7565
5801
8910
-92
6354
8629
3568
1823
9405
5172
1378
7953
7990
9702
-1921
8491
-290
8705
8036
8113
4861
-1972
9334
7773
8534
-641
9474
2594
-1664
8680
3566
1839
3245
4110
433
2728
2559
2166
9331
8043
8352
9960
8577
-595
776
3520
9687
8460
3815
5298
5123
4645
1021
2722
763
4204
9093
8030
8936
6114
-513
-1766
5546
2020
7982
6280
5127
1445
5818
6357
1097
8685
8096
9510
-174
1696
8936
7567
8307
2226
6554
1873
9442
7500
1459
-922
4183
9516
8954
8318
6594
2138
6976
3909
7151
2430
187
2654
-118
8416
2421
1492
9177
6601
5983
5633
8992
4622
8897
1038
9405
5735
-795
1451
1593
7516
4822
4671
2450
6527
8756
7608
9160
7940
1091
351
-2674
9428
8494
7139
4031
-2219
4775
9553
4443
8983
1976
6603
950
2545
4360
386
1262
6275
9661
4868
7737
9227
6897
5810
3098
6710
7303
-2627
6536
-653
2883
4180
6497
9846
2993
1690
7045
6980
40
134
7952
2335
904
16
5952
3277
7017
4747
1432
5524
9706
-443
9561
3419
4898
7769
9392
3327
7600
8410
7879
8240
-2352
5974
2294
-1487
1396
4415
3202
7433
1544
1438
8283
4424
9988
7931
9685
5580
9151
2930
7752
1833
1999
4455
8027
3361
-479
4771
8202
988
1206
-335
2120
5460
3120
7910
2134
4627
1339
-1573
6625
2389
9940
4945
-2839
7627
6810
2748
-683
-1848
-1572
7743
3286
9550
6781
9716
1560
4779
-2657
1759
6005
5459
5417
4790
6402
457
8275
1466
4990
3452
5210
9547
2791
9983
4469
5599
341
8478
2287
566
6282
4828
7528
3392
2793
4692
7094
9309
2003
7243
3635
-2910
3008
900
-1639
-2507
7994
5755
4669
519
-2696
348
2565
7661
5472
-703
6261
3052
9219
5611
6737
7771
5007
-1301
546
-244
8368
4199
5898
2322
1206
9631
9096
9032
2091
-770
5083
2438
-2206
9420
1614
3784
4527
7560
7667
6560
4988
1669
5294
-2136
6571
5452
6413
9361
9798
1357
9121
-2238
8374
4107
7021
9490
-1738
482
8405
286
-1688
-256
3958
-158
1300
7355
6998
7247
4350
9471
2401
8471
4345
3731
4943
469
8171
935
-2514
5235
9745
1289
649
9657
3779
-2357
9845
4368
9299
8765
9538
4014
1095
9365
6095
1566
9984
5393
2018
4392
4829
4887
5434
4421
1051
1760
3640
7309
5079
8503
4854
889
5889
5939
1153
6190
6621
9748
8481
6334
6235
4576
2143
937
1603
2508
2919
5070
1012
5925
8450
3204
58
8764
7285
3443
1671
7435
343
8065
6705
4634
4482
2936
6248
6181
7152
7836
8530
-871
2519
4097
349
7069
6473
910
-2773
5781
8513
2502
565
-1049
1275
3762
4951
2186
4455
4999
8261
7902
1541
7161
5762
3304
4608
2616
6083
-1313
-2896
3647
5182
9373
1753
2203
864
5876
-910
702
353
8157
5311
5008
-1971
9790
7215
7633
-2564
4724
5894
7732
1213
2156
6515
8046
2958
721
9267
1090
7926
6104
-1385
2361
8454
4399
8709
8255
7184
9382
2661
83
6205
4710
3421
2177
5953
3376
1258
-2363
6393
4339
-1103
9301
-1196
8178
6940
1821
2370
2670
1322
828
5551
415
110
3028
8700
8891
8577
159
8819
9509
1
5312
5953
5611
6661
627
6552
4153
1428
936
4870
8533
9260
7470
8273
6217
844
8270
9717
1304
-245
-2991
3700
6428
6651
2328
602
493
5612
-554
3909
3044
8321
3435
6656
6281
3219
3075
9277
1990
4688
3953
7699
3647
9473
710
9116
3680
485
6985
7269
9486
4175
8128
4120
4657
7368
7478
5074
673
2217
5661
3705
5982
4084
5484
1078
5607
193
5585
7973
5708
5287
3091
6035
4287
-1801
8878
7191
222
8588
-1566
505
870
2969
3606
9166
-1361
1679
6273
8553
498
4803
6398
8981
1020
1336
2099
1666
8650
242
5615
7236
1415
3665
589
5045
5871
1728
9662
6883
5245
5807
523
369
4220
9334
3794
937
1450
6664
9370
7472
9765
7876
2474
4991
5089
5516
3374
307
3825
92
6028
9155
9044
5058
8119
3157
7173
1259
397
2941
7657
3670
8363
4634
4325
-2841
-704
1838
4774
-625
8024
6168
2474
325
4283
7108
3092
3076
8064
3168
2330
-3047
4898
5118
461
8165
181
7319
3701
17
4976
6577
6660
5706
6879
-254
7847
-21
4849
5654
4596
9942
2441
1071
6521
3921
8275
176
5844
3892
3392
7272
1848
3091
5172
5191
8477
5816
-261
2399
1933
1829
4676
2342
1065
6201
5859
6290
1478
3831
2734
6475
379
7165
1956
-440
-2348
4556
7511
9276
6533
8867
1372
3859
6505
1040
6049
-2225
-3097
9211
6164
6450
7472
4832
4298
418
-3146
5190
8560
2694
994
5716
-279
1656
5598
-1403
8324
5107
6192
3179
8680
-2973
3250
401
1553
3134
1592
8837
-327
8888
7718
1149
3112
7142
-2330
8559
-2835
-1746
4625
5068
6007
6787
7113
4991
4747
107
4676
8136
-2083
111
6799
3112
-376
5521
7486
9585
5769
3980
6580
2964
337
1751
-2808
208
-442
-2522
3472
936
7922
7811
449
2983
7039
5247
7938
8465
1390
5784
-2738
2088
-1918
178
4633
6920
5894
6983
6168
6452
972
-2619
4720
7346
7097
-1443
1532
431
143
-211
1802
3030
1105
-1125
8351
3925
3220
-2742
5672
-346
-1811
2995
5325
4014
2475
-2033
-2490
8314
-2396
7270
3257
8453
7990
5993
2483
7967
8757
-2453
1603
-3474
2443
9910
7416
8246
7200
-2951
-2574
6860
163
2974
5447
-822
4257
5520
6961
4338
7780
3887
7952
9463
7514
8292
862
1432
-1362
208
7585
1926
4198
9631
1094
6957
4710
5545
2571
-1782
4263
5484
5693
1836
9120
2627
63
391
-1631
4031
8908
4744
-281
4789
2897
2510
8609
6340
7292
9351
5688
6541
7824
8512
5994
6579
2952
5678
1919
7602
6552
9688
1312
7596
8627
3891
4844
7088
7580
6902
-279
8820
9542
8212
5367
689
3960
4023
3923
7511
6260
2521
313
3230
-2401
7046
5588
7702
5053
3373
905
7692
4353
293
2019
7400
4856
533
5168
6339
9393
6552
3840
1278
9144
758
62
3028
1817
2506
545
6133
3382
8880
3466
1569
3622
4427
6285
7707
4112
8586
8866
3178
5931
1880
3903
-1665
8907
6323
3801
3033
8354
8448
3179
2818
8191
755
2136
5813
7013
8618
9212
6618
1415
3697
340
2897
-3199
4485
901
5214
1247
458
7087
3529
7664
1140
2742
3600
3146
4751
7529
3939
2507
1975
590
-487
-3018
8664
5966
4636
7856
2790
6038
4304
2213
5166
5851
753
786
3654
6988
6909
2248
9805
90
9575
4845
7934
4830
5396
241
5690
4052
5502
9962
9516
2400
363
3546
-826
-2925
9357
7419
2049
1171
63
8110
4257
9326
6278
4533
5712
930
1455
5961
2851
204
4157
7896
5947
-2922
4115
778
9776
153
7900
-3793
-1964
6629
7144
1323
7185
5031
9358
4952
9870
2241
3167
8092
2639
7497
7315
4943
-3429
927
4156
982
70
280
6212
3709
8452
4
1661
7552
-2287
5322
5563
547
3305
-3657
1908
7094
1461
2148
1492
-3369
1005
2718
6172
5542
3073
8112
5499
-2879
18
3202
-2592
2178
-637
8592
9529
2674
6729
3025
34
738
1546
7864
-2033
8213
-724
-982
2421
877
2729
4993
9893
5940
810
8960
6416
7806
-222
4539
3597
236
5166
7806
4716
2984
222
8261
67
6691
2555
1264
5737
8184
5408
578
4397
4521
-3355
3319
2067
4742
4021
2085
-2125
4580
653
1240
7347
9837
8133
286
5277
6790
-3263
2383
2751
-978
1255
-3331
7091
5199
485
3533
2242
5304
3517
3241
22
6769
3278
5942
5564
3287
1462
5602
8228
295
8604
261
8085
3773
8969
3274
-3599
4937
7982
1573
-3376
5716
820
7593
-3441
-1334
5933
-1234
2276
4422
3914
3208
5848
5604
-2885
5057
7898
6601
-1623
1901
5024
6086
5179
4191
5754
-1683
-1076
5946
2787
7683
6997
8933
8825
9500
3045
3189
118
-1327
6070
9511
4937
7080
5731
6061
8558
6811
3056
7468
-1711
6745
4637
-3456
7348
3695
8277
644
1620
8228
1645
641
7810
1235
559
6792
1771
-2140
6554
3480
3424
4460
1813
2352
8148
8089
7541
-872
3728
1015
-2365
629
3138
7829
3371
-3996
385
5291
6464
3897
6982
7535
6717
4451
1626
4733
3519
6186
-3792
4370
5764
5767
-1290
8348
8960
1572
2549
-3283
9152
9858
4711
7396
6618
6254
2040
4054
8973
1287
-653
8263
6863
241
9752
9030
3412
7225
1042
556
2417
5627
4494
3406
-892
2364
2859
851
-137
6912
6114
7025
3151
5887
139
9396
7086
-2180
-229
8070
8838
1217
824
8304
6024
9474
384
8291
2530
1544
6819
310
5534
9221
5798
7463
1639
5208
229
194
233
170
7396
5095
7796
7382
4920
8020
8608
9437
892
3156
8481
5468
482
819
9156
7084
-1514
6472
7732
7294
7854
4479
-3463
1716
-3234
8738
5751
5711
3614
5496
5460
6787
1443
3661
8937
-95
-4103
-2004
2131
5206
7303
2486
-2897
4844
5110
5015
2553
7993
-104
5316
9359
8036
-3118
5819
3298
5950
-3207
6149
444
-2005
3771
3613
3744
3244
622
-754
7752
70
5276
2351
-1833
698
8057
157
1240
-1186
-2760
-2629
6735
5500
2841
2620
2879
1287
2229
9589
8143
1643
7372
175
-1663
6033
5195
9730
-3028
2451
5424
4114
6867
2214
6718
3045
5811
3743
7687
8363
2558
8399
5756
9205
-3727
1519
1725
2234
911
9787
4162
2661
6052
5506
7379
4609
1652
4999
409
2499
4045
7464
-4017
-292
2741
-20
5738
2914
5897
4750
3264
7599
1955
-3674
4756
1913
6961
2469
3348
-3791
4912
2682
-1306
-1751
444
4212
1639
6007
5692
1749
5749
7456
9208
927
9422
4214
-3615
4987
6902
7736
5477
1635
2355
4569
-2200
4455
6456
5806
4118
5538
4689
1190
1728
7034
4837
7466
-340
7192
8251
6193
132
5666
7461
1705
-1124
7254
2685
4313
7772
226
8895
5121
685
-4119
1417
1856
-4091
58
101
2840
7536
2850
6938
1966
-2900
-3412
7023
3099
5418
9979
5163
4200
4223
2984
1829
2646
-3463
6275
8576
8516
6381
-2062
8043
4851
565
1505
-3996
4655
1435
1743
5816
-803
8198
3070
-592
1621
9692
7260
1365
3638
7830
4759
-3549
7312
7244
-4061
5574
7565
3893
1409
4119
-4218
-3993
-1179
1208
4651
9465
5859
11
7988
6594
5613
6896
9359
9475
7625
2848
3714
8745
6839
6556
-1736
821
3165
9719
1630
619
1387
827
-4323
5240
4033
7026
318
9241
2960
7425
4935
3835
3293
-2351
5997
-4196
3431
2472
-4129
3059
8050
4819
1957
1860
2965
3101
4303
3302
4768
8995
977
7230
7107
3274
5349
1113
5873
8282
8658
2004
337
448
6166
8235
-839
5032
4648
5489
4410
-3099
5439
-4115
3738
8892
2674
5736
7054
9115
7815
551
4025
5868
-3194
39
6821
3251
4728
8025
4155
-692
7800
-2342
4157
7940
6291
7589
974
-862
9485
833
1029
6319
7731
4269
4088
4335
-2013
1457
-618
-4468
7127
738
4851
-798
2272
2632
2626
4922
7218
8938
7765
1596
-2480
1363
3119
978
9843
1492
524
3154
-3865
4723
5277
5744
2795
-3831
953
5866
4144
510
4809
2101
8057
187
889
3193
5280
6218
-1028
6178
467
1399
3213
2245
2744
6422
5538
5137
1219
4780
8496
3293
6334
-2884
591
-37
9029
3311
6105
-1557
-4407
8372
5048
-3857
-2890
3713
8760
8279
2866
3388
4228
5818
4351
4920
3281
7921
7878
7519
7163
5786
-4097
-4042
1541
8383
4959
8596
8687
7599
2207
-444
3257
7543
4553
5813
2617
1413
-2836
6874
-1269
2418
5100
1339
6478
2953
1383
7668
6667
5306
4544
6248
1623
5183
979
5287
2785
4645
8993
3528
1118
5088
-2905
4868
3270
-3657
1908
1557
6094
8831
468
170
4904
-4334
6213
-798
225
8850
965
8013
2622
-4084
5637
9110
7369
2835
2505
9199
3330
-3977
3613
7305
1625
7748
6930
7530
3633
5421
8449
7416
2694
7716
4562
4007
1692
4383
7882
455
5624
-1633
9378
7203
-2569
6871
-2270
3961
6651
3323
5248
6666
6152
6369
-2879
-3704
1604
-2272
3805
7089
6950
-2562
-788
322
1072
3486
4590
347
3705
6808
4233
-27
594
3673
5363
6633
1149
940
3552
8525
6652
539
2141
916
5753
6801
2830
4330
2611
6061
-3834
5264
4426
2191
2304
4707
6464
9717
6484
7085
4800
3891
4315
4700
502
-4305
7572
-1408
3355
782
8000
4736
6927
4695
3870
-127
4504
3935
3557
4077
789
5315
822
5140
51
6817
1818
5378
2179
9581
4471
9861
9754
2457
6445
6159
5605
4771
9673
5502
3422
7226
411
2565
4407
4820
4488
1651
2763
4176
642
5831
5214
245
2925
6390
-4555
3826
3371
7125
7000
9167
7369
5342
7629
-537
7161
-4071
6624
7639
5821
434
5037
-3165
798
87
7786
8914
5600
1045
-4189
9552
753
145
1161
1658
3279
8281
2188
322
9249
5871
3868
-2895
3137
9686
6176
4220
1543
4430
3559
-3810
4905
3543
3561
8745
5872
7742
5139
1044
5339
6688
1599
7075
4183
-2816
6172
3526
6575
7554
-490
8838
8555
8242
1894
2503
2149
4976
6088
8095
4648
8452
6603
2345
811
925
1101
5873
4906
7798
4309
-1488
8326
4298
3781
5043
-62
7736
6668
6832
4959
5668
8433
1826
2033
2876
4974
2384
-1308
-1092
1282
-3828
8418
6278
5235
2763
-1852
1536
2603
1519
7466
-1858
9190
7547
7047
7574
8338
8582
4172
7927
4310
-2241
2692
-3923
3476
3735
3094
2589
4182
6580
846
9318
4756
-871
3390
4944
6736
722
4510
4069
3337
1792
6591
7254
3397
5815
9954
8724
7140
4711
5991
5460
540
7054
2598
5850
6862
-1783
1488
6973
9464
1157
6720
7102
4587
9244
548
-2204
6531
3522
467
1668
315
1690
-2439
4767
9694
-4752
8239
1924
5001
-3428
6503
1921
7404
1118
3656
5094
1554
2220
359
4140
2874
4348
-3933
1223
-1600
3949
2082
3374
-832
2607
4709
1038
3032
-193
2976
9447
4574
576
-826
-868
849
6272
2209
909
723
90
-4421
6359
6991
8386
3104
4688
5264
2841
4402
-4689
7334
7800
3045
3215
4222
2500
7215
-4638
2199
7760
9203
6722
-2670
5826
4849
6534
1820
4752
2026
5491
4926
6603
3661
6659
-190
3454
7039
6775
1258
3938
7172
6842
-2106
-842
5030
5957
5787
7505
1054
8495
319
6908
4442
2964
3284
2281
7848
8248
2033
527
8318
6262
-2937
2947
4324
-2069
1903
5371
6666
9141
6910
3448
1451
4606
3683
-2832
8400
7925
2058
3087
5160
5089
4846
2883
2876
-3434
4876
-1125
4551
-2562
-2103
-4693
4511
8555
2218
7614
4618
1191
8592
5786
3333
5090
4818
526
-1607
5477
6819
8243
8382
969
4296
5887
9320
5857
5382
2389
7071
9097
1403
7847
2257
1071
3546
46
1780
9446
8359
5161
4361
1173
-4326
4025
3901
4109
5577
4754
6409
2103
-2176
5414
6049
1583
1451
6406
3602
367
950
9345
3620
5578
-2921
2178
-3370
-1889
7833
2223
236
8708
-3661
-3183
9928
7628
3837
7482
8924
7306
5839
4524
5547
6556
3733
3645
6066
3499
6166
4817
2620
6135
2544
5872
273
8163
2950
211
4782
1774
-3133
5230
6901
5878
4392
4103
9251
3960
4020
6995
649
-1156
2896
9478
4064
5805
420
8320
915
4895
4974
3428
-1721
6893
2191
3622
7803
850
3294
2042
1211
106
953
8677
3909
2238
8953
7504
489
1428
-2612
6601
7554
3343
857
9109
8695
5274
8491
5469
8463
6032
9403
9367
8518
2070
4283
6187
7233
5884
9271
9657
1248
7071
-1544
9920
2133
11
3438
6056
1927
-3512
25
-4589
5095
239
1455
3712
7615
7288
7822
1615
2401
2999
4876
9811
4951
-2014
6637
-2987
3049
6529
4592
-3262
4771
963
5162
5435
9016
2908
-2287
5444
5969
2088
4600
5203
128
4648
7378
5831
290
-4648
7294
-5113
9413
2138
7816
5255
5328
2499
8700
8888
5137
8950
4582
6823
6795
-325
5667
3975
6280
1150
2975
646
9625
143
8352
4954
8473
3755
689
134
-294
-2558
3108
-2095
4721
633
3771
8288
3847
6765
2847
9635
7550
3549
369
3726
2513
9048
6515
9318
8338
4521
4009
5065
9515
2768
5198
6509
2981
3586
3030
2897
6293
-1597
2144
-1043
-5320
3785
6319
2286
6789
8413
6058
-5218
3554
-2902
7419
774
-1105
1388
-922
4305
3770
6826
6077
-2478
2227
6676
1009
6424
2607
8959
1897
5428
6031
6764
7029
8772
9433
-1627
9576
2993
9636
1041
5231
7718
-1741
-4809
9744
3896
6403
6185
-3562
2956
5724
-1597
1109
8570
-2405
6924
9399
2887
2356
8785
-3407
7416
681
2538
2563
5980
7030
8876
6039
6695
5830
2946
3381
4763
9054
4579
5218
5505
2646
8410
35
2598
4151
9580
8048
1562
4156
1834
9765
678
8281
9743
166
8402
5672
-5380
1633
8653
4036
2318
9540
4188
4590
1596
5250
6729
7724
6752
2745
-1395
6599
709
9466
7876
3249
9408
4516
2621
5940
3626
6222
-12
9202
1873
-5041
6691
439
4033
4766
6986
6556
-3916
349
-511
3711
5600
5284
4084
-2889
3343
8690
3937
7672
-4420
3285
2088
1088
-2469
6201
845
2199
7962
1306
4093
6722
4164
6280
4431
4964
-4387
9032
1346
8375
6486
8989
6596
2328
-682
1483
9046
7259
3117
4772
4698
1889
8557
9780
6790
8327
-3943
7078
637
6095
6759
2714
-4095
8176
7479
-5064
5146
4442
8805
4515
8004
3246
1663
3331
9693
6929
3379
4827
8527
3829
9541
3182
2961
-5465
2878
-1493
6525
5782
6476
-4898
3553
-5116
4291
6899
-3338
2273
5472
2879
1657
-3718
4556
8076
2280
-3559
4467
2292
1261
4047
4221
1755
6393
7023
1598
5464
644
351
6729
8149
7078
5761
6808
7245
6961
2804
-1410
5113
4947
4140
1135
3768
-2699
7921
2338
460
214
1768
8789
3396
9339
9691
7465
6315
727
2560
3076
6426
4836
-4570
-4473
-4583
-3308
4681
1672
-2990
6831
5840
5408
-3882
-3794
6749
483
8539
8622
1111
-3295
7783
1464
-4498
1304
787
4214
5069
9001
-5462
934
5847
5830
9912
6462
5134
4309
214
2428
8857
-480
8407
-339
3595
8932
7662
2987
3642
725
5775
-5325
9253
-4533
1977
3560
1238
5548
-1368
-3035
9958
3156
6301
324
6837
8011
-575
5816
4838
-2935
9974
5222
-3488
5124
464
-3259
5950
1096
4381
-4177
1446
6219
-212
4949
2630
5982
9279
6796
2801
8676
7995
9210
614
-3743
2622
936
8073
5609
1865
1952
-1159
9315
8564
9768
5691
2297
1895
7619
2860
338
1332
5499
-2870
-102
3568
8362
2740
6390
1167
9934
5443
3305
-4223
3900
-2618
1576
4252
6447
1354
7955
8212
6480
2159
6095
349
8243
8852
2810
5542
4807
2084
5319
402
6966
5763
6633
3571
9915
3696
3812
6113
2230
6606
6739
4285
6584
1045
1029
6081
3542
671
375
6411
4715
4651
-4561
4900
4146
4666
8130
6979
-2635
5163
6947
7288
6266
3183
-4640
5824
490
7772
2531
5662
9765
7034
7608
6976
2620
9203
4094
8642
3097
5846
8697
4748
1699
-2755
-2160
877
8897
-4376
6298
4386
2363
4394
6416
6254
5977
-1799
3663
3247
840
-3884
2846
3907
-5127
3727
5449
1336
-4441
5256
4570
5112
2723
1877
2839
117
5786
4799
3345
3728
8014
2358
2333
9558
6297
4177
4338
-1233
1576
3182
8731
3026
1804
-3830
3564
3789
5269
3776
1336
6592
6396
5747
2475
1530
3182
2028
429
6169
-3969
2287
3519
9317
6469
7179
9743
1090
4253
-2775
6553
-5659
3355
-1808
1527
-2673
1731
5645
6376
1345
-5071
8360
8232
4256
-335
4189
9079
2544
2500
4573
3947
6831
6071
4045
3031
36
285
-1688
5585
7360
6991
9407
-5116
5552
2055
-3451
964
-1733
4253
9643
4160
7550
5993
393
2669
-4842
1710
6473
-3731
460
6350
6559
1785
3814
-4106
5797
1562
7124
-2006
5177
-1017
2767
5964
5055
4502
3611
6357
1298
4646
5489
7647
6356
2576
4802
2022
5123
5218
-5056
-4516
5087
4847
-2564
2717
713
2987
-4255
1241
4185
4469
1881
6883
4207
988
1664
3775
6469
-333
2081
5571
4557
2515
7763
629
1143
1474
-4364
5539
1764
4731
4645
-1181
5169
5374
6296
-1480
4674
-802
493
7457
2037
7911
4009
5778
8742
8258
1080
5159
-5010
7050
4015
391
6854
5852
2028
-3031
-1021
1813
2553
8713
6327
8352
2583
901
6686
7923
1265
3172
7975
5770
5753
3476
8183
1457
1874
6496
7922
-272
5085
5166
5706
5624
7487
701
-2846
882
4083
3733
4157
6909
804
3646
-2442
-3743
-5511
5633
4138
9638
3711
8256
408
2732
7400
6353
4334
3159
2898
7
560
6455
-316
112
7544
5555
3074
3395
135
1739
6061
7917
336
6602
7185
5142
919
5307
5304
3
1701
1922
6111
1826
9117
734
743
-1853
2118
3098
4667
2877
7807
4633
9161
7566
-5734
-354
-188
6005
-1999
-5404
5302
9828
-5758
1226
8708
1389
384
-3345
-555
3693
4527
-3957
3897
-3850
2174
5330
-1282
4761
-860
-443
9649
-5442
3568
6165
4806
1529
-3958
5270
4435
4461
7853
5
4686
-355
5806
-5040
4179
-2047
2082
6577
8845
3323
2813
5456
5620
-198
4737
9650
253
-4169
3770
8089
2222
8179
4533
3681
812
-1385
-5023
5104
-5096
3554
256
-3856
4766
-2539
4970
-2062
-5546
5673
1075
947
2191
-5907
-5836
815
-4131
297
-5808
10
7020
5719
27
75
-5203
1010
4600
-1477
4656
8854
2922
2792
8582
-5380
7001
2475
-3657
2247
5677
7231
8131
4848
-4987
175
6244
5987
-2247
-2474
-486
3081
1592
3269
7641
5703
-5644
4173
892
-3434
-1167
6150
3523
-3519
-874
2721
2875
41
2780
5321
5267
8975
6873
3518
754
9898
-4985
3758
4974
2432
451
-2854
853
1391
4598
9529
-5545
-5223
2578
-3623
4287
-1004
2400
5357
7004
699
4331
1590
9862
9385
9881
2319
8337
-4233
180
9805
4871
4757
9082
-4144
9482
4521
4227
5429
9449
8368
5094
3171
4802
-6096
-1272
2304
2167
1907
8202
179
4693
6853
7704
9797
4908
-4535
-5058
6738
-883
-4967
4061
-4491
6396
7620
545
5193
4926
4891
7235
9922
-2664
6933
-239
7706
4651
9974
1071
7038
7689
6158
-2737
-2856
2371
5808
1953
3588
3526
3443
4499
-4238
-809
-2392
6221
5489
2595
2938
6915
-6259
429
8248
202
4519
3687
-1601
2170
1021
9414
5598
5145
5033
5734
6607
1920
1309
3057
-2554
-1476
2746
6780
694
-4773
1187
3235
2169
9724
5182
298
4782
4243
-3443
-5126
6520
8320
3539
-1487
8813
3460
5903
7516
4344
174
-413
4952
8491
-5166
-4334
5433
5579
6086
2664
376
-3362
2153
4440
7458
5941
2771
1334
9850
-6384
1419
-4602
-5980
5345
536
3234
9352
387
-5393
2257
8340
4577
-5589
5378
4782
191
-742
3689
4570
5198
-5039
3340
4337
5395
-5156
1017
4395
2610
7226
2409
6557
4648
4692
7201
8885
9545
1457
8822
8384
7017
9159
1918
142
8200
90
9142
4460
5413
2386
8455
8420
4271
-3901
3001
2797
2475
9776
6419
8260
7333
1603
1335
-1762
5372
-4697
3533
5582
4973
3053
-6033
1095
4567
490
5211
5187
-4178
6983
9537
-4180
4899
8757
7586
8253
752
1401
4281
3169
1926
8234
3162
6373
-1509
5783
8195
2442
-3499
-227
3276
5962
6958
222
7940
-3850
5858
2571
1119
5177
-101
-3173
-3234
-1347
7828
4502
2308
3159
7189
9679
9958
9131
-3198
3247
6545
5903
8269
-1384
8528
1707
1952
8481
505
-4929
4632
8798
978
2553
2606
1430
4969
5976
4581
-1884
4332
4562
3459
-2646
5726
6864
3673
2378
-4857
6041
6216
9036
2223
-812
8335
3821
-5895
5770
9601
5692
-5616
5347
8185
587
-499
4864
9027
4913
6913
3516
5379
1056
5334
71
-2196
4790
-2038
8506
3092
636
7837
-28
-1187
-1317
2776
4993
2259
8407
5539
-3408
5382
-6076
3820
5856
-2789
7088
8564
-3279
8873
2026
7580
6382
2694
-3444
9075
-4656
6487
-4903
5899
1032
1229
-6374
4813
5210
81
3386
-4790
7231
4005
4394
2339
3187
5103
429
-2715
-2569
1416
3325
8884
7837
-2583
2209
-2230
984
-2316
9698
8480
7621
2873
6792
3826
2217
6970
-6404
6475
8131
1268
-3441
1595
6948
6157
7421
5677
8462
3005
4763
2368
1353
3599
5016
9414
336
7973
-6454
-4547
5656
4144
-6702
5472
-4363
4744
7320
9089
8743
9970
4802
3441
4207
8166
1561
4678
4566
3733
3112
5021
3094
1812
6724
4572
1124
-2654
-2063
6587
3314
9097
4455
6813
6994
4249
2905
306
4010
501
1338
1797
1421
-3605
5051
3203
1035
7039
-4692
3649
2831
4290
-1377
5099
1758
4731
6556
4679
7172
2331
5815
-2018
4699
-4856
2499
-5727
-70
3830
3658
5217
2225
9034
-1479
5585
4114
8022
5179
2495
-4833
7374
4688
8167
6251
5047
9083
1406
6162
4109
6609
4501
-677
4875
8071
-6364
-1019
-4952
9330
2110
3930
3498
1797
8444
9288
1635
-4783
1864
-4187
234
6436
3802
5878
8365
3100
-889
4303
5285
1034
7943
2353
2899
-1091
1847
-3092
-1520
-4549
2358
7166
10000
7821
15
3823
-3101
3168
799
8370
-6815
5680
2529
1525
8142
-5123
9491
4300
-5931
5306
-917
6939
973
7459
313
3798
-1967
397
5356
-5843
891
2719
3544
-1822
-4565
7036
1632
-2679
8523
8149
-2720
-3218
1776
-3674
2088
1907
7585
5940
9950
3343
8355
720
-5692
2183
1747
3503
6256
7864
8905
-414
2555
8135
7290
2909
-1246
8616
-3659
1859
5708
-1604
5953
-5460
3674
3748
1537
5923
4987
3931
-2684
-6470
8588
9991
-2076
3683
9435
3463
-2004
1181
5923
9496
1919
7705
-5450
9454
553
-118
3640
3054
-4159
1911
2551
4566
5677
-3436
-4461
1404
215
9765
1246
8045
1896
2250
5434
5485
202
-5006
-2425
7270
7109
2516
444
-3506
2802
7406
332
8893
740
6742
5258
7905
5086
3851
1883
2338
5650
4343
-5769
9968
7026
-4512
5539
3025
-3154
4122
207
-112
8710
4637
-2514
1000
-6280
6835
9224
-1568
5050
3543
1014
6633
5624
8151
-4979
2957
-70
5104
3397
355
6722
-5556
544
2537
4043
5653
9963
1871
-2320
-5291
829
5544
4953
-3938
9489
9460
9001
5695
379
3623
7550
2243
8347
5016
5027
7579
2553
8122
6173
928
3717
-482
8231
5038
1591
2336
3241
3476
-3118
-3610
-3875
5285
-5515
4113
3306
6675
2513
-6435
6645
908
1966
4493
-494
9313
-69
2703
3843
7609
6355
-1016
2922
509
-4573
7949
2038
9296
-1945
2014
9607
3237
4251
-4523
3596
1103
6802
4845
2469
8974
9063
9958
3338
9082
2246
478
6985
2343
4417
2320
4544
-6941
3862
1312
-1081
-102
2824
6938
2903
4986
-3110
8104
2892
5547
2966
3533
1060
9372
9322
1509
9902
-6056
4949
-109
9731
9470
4544
6136
-3823
7171
6263
4830
-1263
3610
7329
3150
2038
3466
7596
-1919
5449
5838
-4119
1383
2762
7688
-3141
1079
-2587
3436
-6762
137
-2786
3577
-1172
4315
5264
502
7147
-151
1556
447
8550
2156
-1058
1136
-1838
8682
4197
4197
3932
6514
2097
8407
-6327
3608
3073
6712
-1082
3634
994
5704
-2106
461
8037
3270
8601
-3538
44
2435
378
104
1442
8240
9988
8331
7523
1363
3973
5555
5240
5095
-159
717
278
8249
6503
3920
836
4059
7895
2766
5968
403
4490
6191
3077
4663
1479
8274
56
3703
715
2349
-1159
7
9123
2633
2360
8090
-3462
4624
4055
2369
4922
4454
-6922
7601
3005
-840
-4546
5494
180
40
5948
1448
2622
2208
1655
4191
3380
3485
1286
8232
5115
8910
424
2384
4648
-6643
-1055
5120
-7035
1181
9505
134
-67
9287
4740
4460
4492
8324
7703
2594
6428
3061
-5066
1463
-3649
8679
4594
132
1703
1664
-709
2638
2501
5987
3735
1283
929
1266
5232
2800
1609
6345
-4792
1358
-987
106
-1953
7219
7737
8152
3501
1513
-5250
655
4419
2961
1091
-2622
-5721
5286
5716
-2161
6441
5640
9370
-5494
-4801
-2713
9276
2097
2141
7016
4647
4581
-5310
-7047
3763
4972
4245
3942
-4078
-908
4424
4105
4336
4946
518
6243
-1762
-7184
5227
-93
-6015
1744
-5127
2333
4027
2034
1042
4015
-5663
4632
8361
-5462
5275
6170
-3400
2716
6266
4260
7098
-5839
710
1943
-4295
-595
2831
7808
-1936
8076
-510
3403
-2318
5423
208
-2969
-6786
4816
4300
-2626
-1378
9480
348
-1262
2020
2782
-4737
-2922
-3182
9834
-1530
-5893
5029
-1377
5726
3708
1562
2141
3172
3178
-3512
2226
9027
6403
4967
4693
6955
-4845
-1889
9679
3127
4764
2717
9739
8111
2777
-628
6701
2657
-6663
5222
7662
-5953
3388
8499
-5866
4231
-962
6645
819
3430
5901
8944
6384
9146
4619
2210
-6451
6354
7150
1615
5134
3395
906
2318
4750
5012
-2799
3005
3216
5489
1421
702
9929
8815
4894
2879
7011
8157
2787
7835
2288
4470
2236
5306
3692
7053
-7023
-2455
-781
8706
1121
7185
2407
9588
-3033
5160
1574
-7316
-2354
-7131
-6200
154
3912
3111
6959
585
3906
-5778
1219
6879
1087
3837
-2155
4357
-2126
4958
2895
1386
-1804
-2124
147
4557
-597
1731
8362
3720
-1416
1062
3806
2736
-2270
-2386
-982
-6841
2490
3352
6833
-1124
3978
6709
351
-555
9618
9746
-6288
1897
7760
3652
5207
1871
1389
149
8800
1089
9594
438
-3202
7584
3609
-648
-5469
722
6119
7794
-3916
6424
6915
4020
3908
9841
-3181
1131
-4085
-1315
5123
4470
4899
1497
5906
5759
800
3842
8222
3625
1042
4638
4532
9203
5954
2980
6715
4371
4787
1977
8893
3698
7151
5748
4610
-6124
-4115
-419
-5071
3653
8352
8894
8981
8048
1112
4375
-4293
6390
2006
-5999
8170
4819
8141
4220
9991
1112
6912
9708
789
312
1866
-1984
1129
1397
4685
6849
9853
1890
9629
-1395
-6067
-6875
4691
4470
-4415
3275
7436
6500
470
-1346
-4848
2250
1894
9741
1681
1579
8237
-5928
4829
380
9877
2804
-2777
2178
-5616
-4312
6701
2215
6458
-7090
6028
-6186
-6833
3215
1516
3600
4526
5134
4994
8733
6957
6483
6182
-337
7277
2270
77
9206
4127
2153
1400
2712
5324
3014
1303
2549
3346
6656
9289
7857
8627
-1576
-5796
-5702
2560
6104
-7493
5125
9214
-7615
6074
8909
2938
4394
-1445
8821
5143
281
1535
-3057
6616
9991
9705
1131
490
7739
5697
3016
3373
5878
6527
7771
1756
-3041
8547
8322
4935
1869
4684
-4391
8911
1804
632
3921
-222
5753
7379
-1981
5775
-5540
640
2397
8082
6247
8809
1672
8961
-3770
3031
1450
3506
1174
-1459
4945
9193
-5861
8758
-4642
2833
4427
585
688
2800
4520
6184
9995
2960
-3678
9474
2553
3826
2778
2781
3474
-7297
6187
2135
-2252
2933
-7612
2654
-1438
4985
5623
-2514
8592
3042
-4797
-7560
7670
4762
7497
9972
3444
1613
1872
8833
8006
561
8288
2855
8124
-6393
-1350
9612
902
1266
3206
5298
5558
7456
8490
5978
7108
5540
6589
867
-743
3381
-5813
1634
913
9948
373
-4410
4306
1881
5718
2503
3208
2367
3634
5642
9653
893
9078
-4369
1289
449
-3215
-4979
-6245
4294
6301
1303
-425
-1641
-2159
-3217
1811
-1063
2984
9021
-7800
285
2958
4791
227
1729
3317
1260
9276
-5494
4221
898
-4511
1761
835
9234
-2978
-6303
6060
4768
110
-5271
8283
1323
1002
-6285
8057
-2655
1873
9324
6778
4987
2418
-7603
918
-4851
5537
2449
1263
-6054
6646
7346
3289
4055
1501
2603
5299
6275
1380
2690
8163
4658
6147
4031
266
4542
-7318
7181
5781
-4742
5311
2311
-5247
-3079
1076
8897
-1272
8061
3921
741
1084
6399
8670
4972
4521
4860
-4267
-5130
8598
-865
3786
755
3195
3284
-192
-5489
1898
3169
9328
-5488
4232
-975
8928
7816
-265
3447
934
4550
739
5871
3616
-1895
6790
2230
976
3124
2968
-48
7888
1154
-6627
6280
1138
3661
1823
6661
5808
1443
134
9007
2103
-1044
9534
2094
2711
8726
3275
-5289
5713
3694
8325
-2195
7645
2448
3306
1619
2804
-3958
9681
-220
-7369
912
682
-821
3576
770
1085
-2778
3555
-2258
1835
9615
2626
-1047
3062
3976
-5734
3608
1043
-4779
1772
4953
7054
7180
-1161
-1289
-3512
-586
8866
-4966
9411
-129
3798
3817
2905
8448
-3320
2797
427
-6779
-2316
-5291
6846
2923
9018
4134
9777
7565
1871
7351
2858
-1927
415
-7675
8376
1345
8905
7249
6488
7813
-4445
3623
3202
403
3285
-3662
-4510
3816
7114
8571
-1485
6334
3581
1620
-1235
8867
-7239
4846
1726
822
320
4359
8316
6873
-954
-4075
605
797
7030
7414
-976
1186
1874
4964
3372
1441
256
-7778
9417
1549
-5192
5717
7692
6746
923
6460
1238
2736
8283
8943
1231
-7341
9315
-6013
-1040
-3521
-4508
1696
1584
4379
-2775
6917
-5669
275
7002
-7192
4330
-2190
2250
1905
5204
1315
782
2546
2972
8598
3833
-180
4512
6394
-2454
8708
7860
1483
3968
1283
5643
1137
9211
3265
636
9510
9800
-3724
3443
5450
9558
7769
9107
55
1248
4358
5527
9395
-6312
3901
-7403
250
2799
5371
9323
-4015
1782
-6869
6786
1406
1062
-82
3146
-2230
1462
1829
1660
7906
4336
6208
4671
9617
-1370
7335
5867
1278
3897
993
4907
8892
1750
-3881
6766
3164
5212
9013
3043
1246
-520
4178
8573
-2167
4078
4457
-1070
2637
-8028
3172
3674
-3653
1213
-1117
8370
-4714
2462
-572
6771
286
-280
7979
2030
2017
2243
385
-53
1373
-1376
8832
1614
4744
-489
-994
-3970
9157
1971
3913
-7304
-1513
-5430
2558
5719
4592
2197
9589
-7679
5610
-6320
503
784
277
1206
5109
1789
9859
-5169
6234
3355
4019
5432
-3809
3005
2039
9803
3657
5754
2045
4318
-7377
5659
98
5616
7681
6520
-5771
8257
-4592
1546
-6632
7574
-3408
7618
-1345
9097
5465
3355
8763
8177
-6084
1848
9494
2488
1162
1237
-767
2355
-2311
2734
-2274
-1371
-2152
6201
8765
-5071
3749
4674
1112
567
1250
-3887
9622
-6984
2030
-3335
-8111
9249
1637
1900
-7435
829
3256
1878
-6433
3394
8762
23
-4853
1815
-2349
-678
5062
-1371
2403
1448
2681
-8256
16
5575
5542
-5898
5875
-7124
7038
1616
-206
6670
4288
4331
7716
3038
-7693
8801
-3634
6128
9537
6794
357
2842
5983
-951
-2327
-3564
-4130
-1242
-4648
3811
4627
3295
8273
1648
8191
3613
3160
-991
3322
4780
2637
8067
6080
3119
7862
142
-8130
3822
3807
547
2050
409
2293
8165
-4493
7832
161
8721
3452
6433
4608
-6850
-7229
1413
-1203
1942
5101
720
8348
9799
6758
8617
-5822
1183
2093
9082
2915
1878
1468
-4148
3219
-1127
8560
452
2478
3250
-4406
-3776
240
2091
-5936
4270
176
-5299
5651
-2907
2594
171
5423
1974
-6177
163
4595
-2077
9236
8482
4188
2854
2152
-4641
6176
-6565
8322
5667
-2817
2183
-2309
257
-6042
5740
-4847
6448
875
3466
1295
9399
2150
4978
2053
2423
-2327
1401
-8104
3943
4757
3407
5819
-8077
8374
-5558
5663
7912
4775
384
8424
6862
9104
-5935
-1096
-3627
283
-5524
471
4230
-7580
3943
-244
9109
669
-7220
213
2295
643
1685
-1840
5053
1570
7744
9423
458
1634
5383
-8379
188
1057
3272
7200
5115
925
-6444
8386
9350
-6408
8510
7065
6935
9006
1971
-7151
9532
2791
6070
4621
6874
3187
-5437
1232
4164
-8158
124
-972
1868
6349
5539
6190
5466
-5220
2312
5213
4814
4089
-2217
5080
774
1375
3632
9162
-243
9473
8375
1917
7596
6170
4343
6829
3217
8270
-810
2930
4137
1580
1240
7160
1518
-3714
-8133
3573
3764
-125
304
9476
-6294
4304
-58
718
6218
5640
4579
1648
2893
-5812
801
-4639
525
4646
831
3391
2963
9092
447
6865
9555
3469
731
-6526
-3987
-7245
4420
-7078
-665
331
4781
1439
3012
8817
7515
9790
5506
3581
941
5814
2845
3581
1141
-7859
9024
9276
3484
2800
-5971
2658
6658
8589
3374
1384
1187
3563
8765
2557
861
-294
749
6356
2413
7077
1472
4756
5397
3171
245
-4408
-4211
3388
-4678
-5432
1676
5781
537
-1606
2350
945
3286
3193
-4203
9280
3373
-3474
4403
-6383
4307
-4211
1926
266
-1661
-2904
778
-7824
1469
7671
9350
-2969
2422
831
-7002
9041
-2852
-3213
632
9801
-1632
-800
2366
3943
7236
7401
8524
-8352
1051
3543
5886
2388
-2236
639
2043
3439
-3130
-7620
373
6992
852
8729
-7157
1794
6834
7940
-2021
6675
-6255
7499
-6449
3538
866
-4524
27
841
224
-7950
9952
2835
-5149
6213
-7903
-5160
4002
1444
4052
-6099
-7221
-7570
7646
2318
3250
-3222
6611
-1858
-3691
7954
3513
8938
7312
-1987
-2276
1469
-6278
3261
7286
7872
2850
7498
3544
-6996
137
5301
3418
775
9538
-2890
-2155
1321
3848
2417
8258
4876
9236
7969
1224
7894
4211
6500
4957
9662
1406
3042
6486
-2175
2413
436
5948
166
-550
-2494
7305
5067
3051
-1260
5107
3020
3581
-6492
1058
-4562
-2293
1232
2474
3560
-5807
-6529
-3950
5389
-8037
1071
5120
2151
2307
8815
-4491
3161
2188
655
8892
8003
2214
-8600
7807
2666
3231
-5177
9607
3204
-5992
5011
4563
8799
4178
-2743
5090
6592
957
-4475
1322
-4563
4689
-2344
1713
5045
5862
7215
-7112
4235
3091
-996
6386
-5579
-2373
-1925
-2457
2011
7383
-5136
2727
325
6900
6901
824
273
-7080
2031
8463
2295
8479
2340
4533
6755
8725
1451
-5465
49
-7955
4830
135
1402
1485
1268
4300
1841
635
6894
3708
537
2926
7988
-2067
4790
6414
3862
486
6020
3843
-137
-7469
-5599
687
4619
461
649
4479
2717
21
9410
5202
3979
4831
4649
826
8041
3241
3689
6025
8618
7887
-5101
-290
8049
-2391
2900
7148
-1506
-6822
1405
5875
-1364
-2349
-1518
-5839
617
6015
8976
2366
2957
8899
432
2097
415
2244
-1182
5280
9173
4004
-750
925
-6226
8458
626
-3469
6668
-1601
2370
-7547
7713
-3391
3732
-5406
9475
3996
8580
5838
7514
6649
-5415
2975
1438
4314
-5992
-5662
9927
2285
922
6498
4149
3489
1001
5111
-1102
2939
1012
-5567
6093
5293
4716
6664
2326
3711
4615
-6418
-3732
1791
4462
6634
1736
9963
2504
4161
219
6334
5508
4886
7042
5924
137
-1972
9812
-1736
3022
-2194
-4634
-7153
1661
-3598
-4854
5855
704
6212
-8405
-7817
-994
-2213
5971
7515
9022
9400
1214
-6548
7734
5499
1484
-478
3654
7126
3320
9518
2552
1248
-5067
764
9078
-3171
-5472
1017
6180
938
9234
1923
-3145
4683
9014
3442
-4419
9044
-7827
756
3621
1249
237
3419
8742
6108
2833
3134
1829
2188
2882
1474
-1752
-6963
391
5179
3487
3036
1035
-4690
5531
8901
2298
2230
5718
6784
9887
-6875
-3242
5810
4074
-1331
7292
-7982
2912
730
1880
3357
6437
1569
-6952
-206
2041
-2866
2141
-5175
-2454
6983
4085
-7695
5212
7709
751
-7177
9904
1362
9704
-2352
-4231
1658
-6440
-201
3847
-9016
-4774
8285
-2524
9888
-1882
-5507
-5668
-1009
8270
-2965
9904
9673
7952
5920
674
1059
7499
8411
9813
9317
2866
8770
5698
-8397
1590
-1675
-8303
-8096
2128
2313
-2035
6513
9156
7004
-42
-4013
8963
5055
2491
2319
6723
8283
1109
350
-3706
-2783
5095
4132
-1105
2228
469
9998
2718
8138
-572
8593
-4302
7408
-7438
-7911
4320
3474
918
3221
864
6285
2663
4181
4595
2723
-6163
259
7633
4946
3809
-8663
1244
2199
2022
1068
1852
-3479
3833
7748
4142
4526
5799
9543
8012
1108
2320
1775
7069
5287
-628
4851
-7506
2088
6255
-479
66
8795
8107
-5932
5783
3817
4004
1022
6530
7083
3342
3890
3763
1873
-2810
5607
-1555
-1906
6226
9046
5750
-929
2258
-8719
4352
532
5153
5739
4308
-2414
7425
-878
411
407
6735
-1438
7837
-816
6682
-5090
4677
6252
-6762
2905
2448
9973
2632
6344
4566
5882
6959
274
-1282
852
7632
-1070
-2798
-6016
9969
2082
9042
4840
-4181
6796
4718
4414
8681
3672
8431
9418
32
6688
-6493
3847
-7810
6437
-2903
4908
-3007
-3376
8528
7540
994
2050
2269
4216
4221
3359
3876
7963
8793
9743
2151
5128
-2480
61
233
-4424
288
292
1801
7201
9304
6833
6106
6436
6430
-8574
9697
4563
2140
-5912
2512
659
-4556
-5745
7060
2713
-605
306
-1861
376
-952
6607
-3557
6760
3157
-2253
-1281
-5040
8683
8119
8689
-118
-8315
4856
7929
-487
2632
749
3195
9057
408
5747
-7621
5612
-4361
9990
2695
-3652
6007
2625
2573
6399
-2571
1679
1614
1934
282
-1714
4890
9426
2980
-2714
-1299
5112
-2329
486
6885
-9211
3883
5347
2963
3365
-8446
2435
5807
3737
8927
1253
1971
6433
9508
7551
1642
3488
2075
1315
1438
3195
3267
2882
9265
9149
1004
-3469
-6868
-2006
8602
7505
406
3178
-3500
-2386
6738
3809
-8441
4051
-680
-2165
3883
1784
5449
1221
3804
4700
5139
3609
3548
1662
-1813
809
5870
6182
-3913
7052
7483
600
2
9194
-6999
9412
4550
-6646
-6262
4702
5152
-8528
3243
-528
6732
3202
-1457
9315
7843
9185
8009
-1946
-6598
3400
3462
4584
-1320
5087
975
-8790
-8601
-1640
687
1517
9759
-2042
-1341
183
-7602
9730
7293
-5782
3622
9854
7467
70
-8357
7614
7274
9957
6220
-8628
-4401
-8612
9237
-7561
1547
2521
9339
1059
-7218
-9108
-4789
-6348
5099
563
8589
9144
1826
3699
2667
4819
316
1667
5647
6744
5572
7281
-2010
8240
1215
9047
9110
7661
7653
9810
7883
-273
-7054
1783
-9357
-4795
2765
8146
-343
-9416
7778
611
8118
2124
3125
753
1097
-5440
2875
3707
-5928
6837
2364
6849
946
6129
-5876
-4756
1802
1736
-7866
-1936
9298
7022
-9279
1411
7539
5875
-7446
-3804
1642
-7534
9282
4486
9979
-8631
2498
5923
-2218
6905
2546
-7733
8945
-7226
3807
9604
-4393
-6088
3863
2898
1744
2689
-9515
8550
584
-3789
1720
-5273
-1661
9219
2554
2012
6374
-198
-2029
4849
9402
352
3723
-4018
-3354
7351
6496
-856
2742
-3436
3700
-6453
-437
5245
-1917
926
535
-2547
5156
3349
5423
6811
-4888
1648
-8977
-1605
-7941
-8137
2350
1366
872
5519
8197
-5699
41
880
59
7891
1831
8648
-446
3320
-107
-2806
839
-6883
-667
-5600
2620
6773
-1640
-7488
7110
259
-2659
-2065
2332
-3314
9868
-6767
9277
-4241
3563
9175
1490
1520
4053
5812
4277
1082
-1649
672
5790
419
-6166
3404
6538
3964
1748
8119
708
4908
-2103
-8639
1630
-8301
872
5801
578
-3757
3149
3853
1204
-5205
6849
1769
1773
3012
4836
6510
5272
6317
-3196
5239
7052
4178
7531
-2310
6317
8107
-1100
5818
-4099
4895
23
4481
-6428
1433
7454
1042
-5611
4273
7621
1449
-2678
3814
6046
-1107
3469
-5838
9327
-7375
8272
2679
2710
6603
5803
5814
2574
935
6326
6367
3780
2092
-8954
7051
1165
-9157
5538
5351
-860
-4431
8589
2726
5965
-3609
-6508
3171
-675
-4558
-4178
9510
543
2894
3396
2276
1815
3234
9318
-3178
2990
1330
2828
3350
9252
1014
7677
-257
178
9099
204
284
4834
-6750
-2778
-773
192
5708
4325
9437
4775
-2638
6673
3519
196
4336
-2708
-6801
4016
-6383
4092
5289
9046
1844
8105
-742
-9368
5676
-3158
-2234
5135
5776
1243
1918
3702
411
2828
7153
9970
-6577
-604
5443
1502
1922
6901
9104
2208
-7385
-9426
-7788
-1309
2804
-9727
5118
2270
1815
-3979
9865
8922
-4648
-262
-2256
-6709
6061
1510
-4208
-6479
7285
1216
-3138
7319
2794
562
3031
2820
-2484
7105
-5963
-9801
-8205
4781
6207
8168
-8175
-2088
1097
6060
-1880
-4600
154
-2814
8011
-2471
4524
2636
879
4997
-9048
2852
617
7982
526
5343
-2986
-5291
-3878
798
9773
9556
-6226
-153
1394
8343
-7325
9131
3211
-2769
302
346
-3297
2182
3496
-6693
9518
9763
-5619
7367
7506
7091
-204
7712
1633
6178
7549
7799
2717
8016
1387
2995
4738
1827
4588
2174
-2069
-7803
8860
2032
2524
7744
9208
3864
9149
-8676
-7298
-4141
5043
1286
497
430
3237
3203
4825
3338
9227
3899
6587
-2407
-71
-8078
576
-2456
7014
8799
7832
8604
4354
9502
2305
2047
-5398
7805
2141
-4701
-9322
7218
8666
2326
8190
-9602
-4588
4294
9672
-5917
7137
2215
520
612
1851
3661
3973
-2154
5192
2646
6168
-171
8804
8176
-6962
1617
-9439
6410
6773
8334
1867
2560
3926
732
182
9945
-431
-8023
5570
9750
-5036
-3076
-6571
6324
1585
-372
-3018
4602
1511
6543
2548
-1772
-8037
-2461
7700
9815
4432
-3459
-7159
8636
-849
8305
-3466
6897
-9529
